dog:-4.015042781829834,-4.212314784526825,-4.175631999969482,-4.204607605934143,-4.26572322845459,-4.558171927928925,-4.876321852207184,0.6075878441333771,-4.558171927928925,-4.876321852207184,0.6075878441333771
fox:0.414886511862278,1.6638557612895966,3.2471680641174316,5.066091418266296,7.171188592910767,11.312233209609985,18.278279304504395,-5.4566240310668945,11.312233209609985,18.278279304504395,-5.4566240310668945
None:-0.9317385405302048,-1.403573900461197,-1.7061538994312286,-2.0490936934947968,-2.396485060453415,-2.824368178844452,-3.2414740324020386,6.052853465080261,-2.824368178844452,-3.2414740324020386,6.052853465080261
