dog:-3.33880215883255,-3.75936359167099,-4.262417256832123,-4.863012731075287,-5.578978061676025,-6.263254880905151,-6.940917372703552,-0.01835616654716432,-6.940917372703552,-0.01835616654716432,-6.263254880905151
cat:2.0865610241889954,2.9186496138572693,4.0051862597465515,5.495350956916809,7.69524872303009,11.000117063522339,17.214590311050415,-2.4114881455898285,17.214590311050415,-2.4114881455898285,11.000117063522339
